transaction_id,timestamp,customer_id,product_id,employee_id,payment_id,quantity,total_amount
1,2023-01-01T00:00:00,119,40,10,1,5,2216.9
2,2023-01-02T00:00:00,141,123,18,1,3,173.55
3,2023-01-03T00:00:00,22,30,2,1,1,1090.2
4,2023-01-04T00:00:00,595,41,15,3,2,253.76
5,2023-01-05T00:00:00,232,41,2,1,4,507.52
6,2023-01-06T00:00:00,813,154,4,1,1,131.91
7,2023-01-07T00:00:00,426,101,4,5,4,46.32
8,2023-01-08T00:00:00,401,161,1,1,3,222.29999999999998
9,2023-01-09T00:00:00,302,79,9,5,5,9502.45
10,2023-01-10T00:00:00,403,75,8,1,1,1523.82
11,2023-01-11T00:00:00,313,16,2,5,1,1103.87
12,2023-01-12T00:00:00,299,98,7,5,5,754.35
13,2023-01-13T00:00:00,108,156,3,1,3,186.66
14,2023-01-14T00:00:00,528,22,20,1,2,240.86
15,2023-01-15T00:00:00,821,102,4,1,5,417.65
16,2023-01-16T00:00:00,205,44,8,1,2,697.58
17,2023-01-17T00:00:00,671,132,7,1,5,229.54999999999998
18,2023-01-18T00:00:00,459,93,7,4,2,122.2
19,2023-01-19T00:00:00,112,99,16,3,3,417.87
20,2023-01-20T00:00:00,65,163,18,1,3,78.0
21,2023-01-21T00:00:00,259,71,1,5,1,2522.38
22,2023-01-22T00:00:00,245,116,16,1,4,45.0
23,2023-01-23T00:00:00,315,98,6,1,4,603.48
24,2023-01-24T00:00:00,617,146,4,5,4,271.44
25,2023-01-25T00:00:00,23,138,4,1,1,18.5
26,2023-01-26T00:00:00,870,130,20,3,5,240.3
27,2023-01-27T00:00:00,272,73,4,5,3,2436.75
28,2023-01-28T00:00:00,71,8,2,5,2,2307.4
29,2023-01-29T00:00:00,394,111,18,5,5,123.4
30,2023-01-30T00:00:00,925,118,1,3,3,74.76
31,2023-01-31T00:00:00,834,18,7,1,2,1754.42
32,2023-02-01T00:00:00,64,166,4,1,4,424.96
33,2023-02-02T00:00:00,413,45,5,5,2,189.98
34,2023-02-03T00:00:00,477,11,8,1,5,5963.049999999999
35,2023-02-04T00:00:00,401,126,5,1,2,288.76
36,2023-02-05T00:00:00,719,35,6,1,4,785.68
37,2023-02-06T00:00:00,460,79,5,5,3,5701.47
38,2023-02-07T00:00:00,150,3,20,1,1,1440.93
39,2023-02-08T00:00:00,875,72,6,1,3,4315.9800000000005
40,2023-02-09T00:00:00,191,63,4,5,3,970.6500000000001
41,2023-02-10T00:00:00,542,140,7,1,1,92.98
42,2023-02-11T00:00:00,681,127,18,1,4,277.08
43,2023-02-12T00:00:00,5,162,15,3,2,75.38
44,2023-02-13T00:00:00,169,131,20,3,1,45.61
45,2023-02-14T00:00:00,798,111,4,5,1,24.68
46,2023-02-15T00:00:00,57,102,16,5,2,167.06
47,2023-02-16T00:00:00,886,21,16,1,4,7270.12
48,2023-02-17T00:00:00,215,168,4,2,1,141.13
49,2023-02-18T00:00:00,974,163,15,1,3,78.0
50,2023-02-19T00:00:00,389,16,19,1,3,3311.6099999999997
51,2023-02-20T00:00:00,713,67,8,1,2,1844.02
52,2023-02-21T00:00:00,162,10,16,1,3,4082.76
53,2023-02-22T00:00:00,734,2,6,1,5,5172.5
54,2023-02-23T00:00:00,138,111,20,4,2,49.36
55,2023-02-24T00:00:00,297,155,8,1,3,295.02
56,2023-02-25T00:00:00,702,161,19,5,3,222.29999999999998
57,2023-02-26T00:00:00,878,89,20,1,3,5828.1
58,2023-02-27T00:00:00,64,40,4,3,4,1773.52
59,2023-02-28T00:00:00,749,28,2,1,2,1808.44
60,2023-03-01T00:00:00,464,123,17,1,5,289.25
61,2023-03-02T00:00:00,308,127,19,1,1,69.27
62,2023-03-03T00:00:00,634,32,4,1,2,924.66
63,2023-03-04T00:00:00,805,65,2,3,4,2858.32
64,2023-03-05T00:00:00,127,169,5,1,1,17.91
65,2023-03-06T00:00:00,836,45,8,3,4,379.96
66,2023-03-07T00:00:00,917,160,17,3,5,718.9499999999999
67,2023-03-08T00:00:00,245,32,20,1,1,462.33
68,2023-03-09T00:00:00,191,21,19,5,2,3635.06
69,2023-03-10T00:00:00,408,88,5,5,1,280.7
70,2023-03-11T00:00:00,933,67,1,3,5,4610.05
71,2023-03-12T00:00:00,802,81,16,3,5,2541.65
72,2023-03-13T00:00:00,984,91,8,3,3,405.57
73,2023-03-14T00:00:00,650,25,8,1,5,5078.2
74,2023-03-15T00:00:00,75,56,7,1,2,45.3
75,2023-03-16T00:00:00,304,35,8,3,5,982.0999999999999
76,2023-03-17T00:00:00,433,170,20,5,3,308.85
77,2023-03-18T00:00:00,917,164,18,3,2,67.34
78,2023-03-19T00:00:00,232,108,17,1,2,294.1
79,2023-03-20T00:00:00,925,75,19,1,4,6095.28
80,2023-03-21T00:00:00,172,45,7,3,4,379.96
81,2023-03-22T00:00:00,653,84,15,5,3,3480.84
82,2023-03-23T00:00:00,364,123,3,3,1,57.85
83,2023-03-24T00:00:00,17,32,15,1,4,1849.32
84,2023-03-25T00:00:00,731,6,16,1,1,56.78
85,2023-03-26T00:00:00,840,41,20,1,3,380.64
86,2023-03-27T00:00:00,743,25,6,3,1,1015.64
87,2023-03-28T00:00:00,265,145,8,1,5,249.05
88,2023-03-29T00:00:00,266,18,9,1,1,877.21
89,2023-03-30T00:00:00,484,133,18,3,3,325.5
90,2023-03-31T00:00:00,751,8,3,1,2,2307.4
91,2023-04-01T00:00:00,569,32,4,5,5,2311.65
92,2023-04-02T00:00:00,19,15,8,1,1,1511.06
93,2023-04-03T00:00:00,340,45,17,5,4,379.96
94,2023-04-04T00:00:00,909,111,20,5,2,49.36
95,2023-04-05T00:00:00,761,111,1,3,3,74.03999999999999
96,2023-04-06T00:00:00,488,146,1,3,2,135.72
97,2023-04-07T00:00:00,568,79,7,5,4,7601.96
98,2023-04-08T00:00:00,927,41,19,1,2,253.76
99,2023-04-09T00:00:00,429,101,16,1,5,57.9
100,2023-04-10T00:00:00,325,81,20,3,4,2033.32
101,2023-04-11T00:00:00,298,160,6,1,4,575.16
102,2023-04-12T00:00:00,36,74,8,1,2,4221.66
103,2023-04-13T00:00:00,335,92,5,3,3,715.17
104,2023-04-14T00:00:00,994,16,16,1,5,5519.349999999999
105,2023-04-15T00:00:00,489,63,7,1,2,647.1
106,2023-04-16T00:00:00,7,76,1,4,3,3868.56
107,2023-04-17T00:00:00,811,131,20,3,2,91.22
108,2023-04-18T00:00:00,436,156,15,1,3,186.66
109,2023-04-19T00:00:00,766,140,10,1,1,92.98
110,2023-04-20T00:00:00,972,24,16,1,2,2733.84
111,2023-04-21T00:00:00,836,25,16,5,5,5078.2
112,2023-04-22T00:00:00,112,86,16,5,3,6587.34
113,2023-04-23T00:00:00,617,22,7,4,4,481.72
114,2023-04-24T00:00:00,150,120,2,5,3,416.90999999999997
115,2023-04-25T00:00:00,403,169,19,5,5,89.55
116,2023-04-26T00:00:00,751,91,20,1,2,270.38
117,2023-04-27T00:00:00,207,3,6,1,1,1440.93
118,2023-04-28T00:00:00,500,49,20,5,4,1549.6
119,2023-04-29T00:00:00,265,170,19,5,5,514.75
120,2023-04-30T00:00:00,189,66,4,4,2,4328.62
121,2023-05-01T00:00:00,308,79,6,1,5,9502.45
122,2023-05-02T00:00:00,370,108,8,1,4,588.2
123,2023-05-03T00:00:00,315,18,2,1,1,877.21
124,2023-05-04T00:00:00,276,41,18,1,1,126.88
125,2023-05-05T00:00:00,11,83,4,1,1,1281.67
126,2023-05-06T00:00:00,852,164,4,1,5,168.35000000000002
127,2023-05-07T00:00:00,439,150,20,1,3,428.61
128,2023-05-08T00:00:00,60,123,17,5,3,173.55
129,2023-05-09T00:00:00,63,123,2,5,4,231.4
130,2023-05-10T00:00:00,191,116,2,3,2,22.5
131,2023-05-11T00:00:00,462,45,15,1,2,189.98
132,2023-05-12T00:00:00,636,101,3,1,1,11.58
133,2023-05-13T00:00:00,493,53,19,5,5,773.9499999999999
134,2023-05-14T00:00:00,201,108,7,5,1,147.05
135,2023-05-15T00:00:00,396,97,20,1,1,230.95
136,2023-05-16T00:00:00,994,79,16,5,4,7601.96
137,2023-05-17T00:00:00,35,163,16,1,2,52.0
138,2023-05-18T00:00:00,963,6,16,1,3,170.34
139,2023-05-19T00:00:00,670,29,20,1,4,6636.84
140,2023-05-20T00:00:00,450,67,15,1,4,3688.04
141,2023-05-21T00:00:00,595,67,6,3,5,4610.05
142,2023-05-22T00:00:00,147,111,2,5,2,49.36
143,2023-05-23T00:00:00,123,15,8,3,5,7555.299999999999
144,2023-05-24T00:00:00,207,111,15,1,1,24.68
145,2023-05-25T00:00:00,393,41,1,3,4,507.52
146,2023-05-26T00:00:00,769,102,16,1,4,334.12
147,2023-05-27T00:00:00,191,148,15,3,2,86.16
148,2023-05-28T00:00:00,947,153,15,3,5,115.25
149,2023-05-29T00:00:00,12,155,20,3,2,196.68
150,2023-05-30T00:00:00,206,144,8,1,3,349.89
151,2023-05-31T00:00:00,244,142,19,1,5,472.9
152,2023-06-01T00:00:00,324,41,7,1,1,126.88
153,2023-06-02T00:00:00,158,133,8,1,5,542.5
154,2023-06-03T00:00:00,769,90,17,1,4,8083.44
155,2023-06-04T00:00:00,93,123,5,1,1,57.85
156,2023-06-05T00:00:00,892,76,4,3,3,3868.56
157,2023-06-06T00:00:00,319,72,17,1,3,4315.9800000000005
158,2023-06-07T00:00:00,396,89,17,5,2,3885.4
159,2023-06-08T00:00:00,427,30,16,3,5,5451.0
160,2023-06-09T00:00:00,231,164,15,3,3,101.01
161,2023-06-10T00:00:00,702,11,9,1,1,1192.61
162,2023-06-11T00:00:00,394,166,3,1,3,318.71999999999997
163,2023-06-12T00:00:00,505,109,19,1,5,1143.0
164,2023-06-13T00:00:00,786,150,2,5,4,571.48
165,2023-06-14T00:00:00,137,111,2,1,3,74.03999999999999
166,2023-06-15T00:00:00,493,79,17,5,3,5701.47
167,2023-06-16T00:00:00,172,148,4,3,5,215.39999999999998
168,2023-06-17T00:00:00,622,133,20,5,2,217.0
169,2023-06-18T00:00:00,212,165,8,5,5,598.6
170,2023-06-19T00:00:00,119,52,5,4,5,1499.6000000000001
171,2023-06-20T00:00:00,338,166,7,1,4,424.96
172,2023-06-21T00:00:00,702,146,9,1,1,67.86
173,2023-06-22T00:00:00,494,64,15,5,3,8120.9400000000005
174,2023-06-23T00:00:00,569,66,2,5,2,4328.62
175,2023-06-24T00:00:00,335,48,16,3,1,347.34
176,2023-06-25T00:00:00,714,129,20,1,4,534.96
177,2023-06-26T00:00:00,762,47,7,1,5,420.55
178,2023-06-27T00:00:00,660,90,2,1,1,2020.86
179,2023-06-28T00:00:00,459,116,16,1,4,45.0
180,2023-06-29T00:00:00,655,131,2,5,2,91.22
